# transform file transforms/talairach_with_skull.lta
# created by shx26 on Tue Apr 28 23:51:18 2020

type      = 0 # LINEAR_VOX_TO_VOX
nxforms   = 1
mean      = 130.0000 138.0000 119.0000
sigma     = 10000.0000
1 4 4
1.139566421508789e+00 2.850639168173075e-03 1.126367077231407e-01 -3.304027175903320e+01 
-6.282348651438951e-03 1.167943000793457e+00 3.962027654051781e-02 1.691035032272339e+00 
-1.026637926697731e-01 -5.078958719968796e-02 1.042227745056152e+00 1.252981758117676e+01 
0.000000000000000e+00 0.000000000000000e+00 0.000000000000000e+00 1.000000000000000e+00 
src volume info
valid = 1  # volume info valid
filename = nu.mgz
volume = 256 256 256
voxelsize = 1.000000000000000e+00 1.000000000000000e+00 1.000000000000000e+00
xras   = -1.000000000000000e+00 0.000000000000000e+00 0.000000000000000e+00
yras   = 0.000000000000000e+00 0.000000000000000e+00 -1.000000000000000e+00
zras   = 0.000000000000000e+00 1.000000000000000e+00 0.000000000000000e+00
cras   = -5.997314453125000e-01 1.982379150390625e+01 9.275436401367188e+00
dst volume info
valid = 1  # volume info valid
filename = /usr/local/freesurfer/average/RB_all_withskull_2016-05-10.vc700.gca
volume = 256 256 256
voxelsize = 1.000000000000000e+00 1.000000000000000e+00 1.000000000000000e+00
xras   = -1.000000000000000e+00 0.000000000000000e+00 0.000000000000000e+00
yras   = 0.000000000000000e+00 0.000000000000000e+00 -1.000000000000000e+00
zras   = 0.000000000000000e+00 1.000000000000000e+00 0.000000000000000e+00
cras   = 0.000000000000000e+00 0.000000000000000e+00 0.000000000000000e+00
