# transform file fetch_preprocessed/mni_registered/reg.lta
# created by shx26 on Wed Apr 29 02:44:00 2020

type      = 1 # LINEAR_RAS_TO_RAS
nxforms   = 1
mean      = 128.0000 104.0000 112.0000
sigma     = 10000.0000
1 4 4
9.983769059181213e-01 -4.955612868070602e-02 -2.806710079312325e-02 2.878875732421875e-01 
5.026545375585556e-02 9.984189867973328e-01 2.515708096325397e-02 -1.851210784912109e+01 
2.677603811025620e-02 -2.652705274522305e-02 9.992894530296326e-01 -2.805641174316406e+01 
0.000000000000000e+00 0.000000000000000e+00 0.000000000000000e+00 1.000000000000000e+00 
src volume info
valid = 1  # volume info valid
filename = fetch_preprocessed/skullstrip/brainmask.mgz
volume = 256 256 256
voxelsize = 1.000000000000000e+00 1.000000000000000e+00 1.000000000000000e+00
xras   = -1.000000000000000e+00 0.000000000000000e+00 0.000000000000000e+00
yras   = 0.000000000000000e+00 0.000000000000000e+00 -1.000000000000000e+00
zras   = 0.000000000000000e+00 1.000000000000000e+00 0.000000000000000e+00
cras   = -5.997314453125000e-01 1.982379150390625e+01 9.275436401367188e+00
dst volume info
valid = 1  # volume info valid
filename = test_images/mni_space/mni_icbm152_t1_tal_nlin_asym_09c_mask.nii
volume = 193 229 193
voxelsize = 1.000000000000000e+00 1.000000000000000e+00 1.000000000000000e+00
xras   = 1.000000000000000e+00 0.000000000000000e+00 0.000000000000000e+00
yras   = 0.000000000000000e+00 1.000000000000000e+00 0.000000000000000e+00
zras   = 0.000000000000000e+00 0.000000000000000e+00 1.000000000000000e+00
cras   = 5.000000000000000e-01 -1.750000000000000e+01 1.850000000000000e+01
